100
2
49 73
3
30 72
1
78 23
2
40 65
1
42 87
3
27 29
2
12 3
2
9 57
2
33 99
1
16 35
2
26 12
2
10 33
2
49 79
1
67 72
2
36 85
3
28 91
1
57 1
3
8 44
2
90 24
3
30 3
2
66 49
3
1 53
1
8 28
2
98 81
2
13 65
2
63 36
3
69 15
2
29 1
3
95 5
3
51 98
1
23 5
2
52 66
2
37 38
1
1 97
3
28 37
3
77 97
1
4 9
3
45 75
1
98 42
2
68 12
1
57 94
2
95 68
3
30 6
1
42 65
2
52 67
1
95 12
1
1 90
1
38 57
2
90 40
2
35 6
3
98 95
1
54 23
2
60 5
1
23 6
3
70 38
2
20 44
2
34 26
1
63 38
2
90 50
1
23 47
2
17 72
1
47 85
2
85 23
2
44 68
2
15 25
3
42 11
1
52 44
2
18 96
1
15 91
3
69 97
1
47 25
3
62 11
1
77 61
1
35 68
3
76 67
2
74 31
1
1 72
3
94 84
3
89 7
1
93 69
3
55 55
1
63 2
3
8 49
1
44 38
1
97 51
1
3 31
1
14 19
2
9 80
2
23 54
2
37 45
1
25 0
3
64 97
1
4 50
1
76 12
2
97 4
3
48 65
3
99 9
2
53 83
3
7 73
3
5 76
